00101111
00101101
10010000
10100110
10011010
01011011
11010110
11010011
10101100
00001111
10100101
10111110
11000001
00001010
10011000
10111111
00111101
01010001
00011010
01110100
01001101
10000100
10100101
01110111
00010110
10111000
00000111
11101010
01010100
10100011
10110010
00100001
00100001
11111001
00011111
10011010
11100100
10101010
11010110
10000001
01000011
11001000
00110100
00100110
00101111
10110110
10010001
11100010
01100111
01110001
00111101
00100110
01111000
10100010
11101101
00110110
10010001
00100111
10111001
01000010
01111100
11111110
11001011
10101011
11010101
01100011
11011101
01010101
00001110
00110011
00111011
01110100
11101000
10110001
11100010
00111000
00001111
00001011
10001110
11110000
00111101
00001001
10011000
00101000
10101111
10000110
11010101
00000100
01101000
10110101
10101011
01101010
01111001
01001110
11000111
11111000
11101111
11000011
01111111
00010000
10010010
00001011
10010111
01011001
10110110
01001111
11110100
10101111
00001111
11111011
01000110
11111111
10111000
00000101
01000100
11001011
01000101
11101001
00111101
10011011
00110100
10100111
11110111
01001001
00111100
01000000
01110010
00111100
11001001
00011010
10001100
11010101
10111101
00000011
01111010
10101100
00011110
01110011
00010101
11111100
10000011
11000100
01111011
11111000
10011001
01010001
10111101
11011000
11000011
10001011
01001001
00001001
00000110
01001000
01111001
11011011
10110011
01111111
00010000
10011000
00011100
00101011
00101110
10101011
10010000
10010010
10001101
00011111
10000101
01100001
10001100
10101000
11001011
11110101
11010111
00000111
01010110
01100001
11111100
01110001
10011000
11010011
10011001
10010000
00110011
11000100
10000000
01101111
00001111
01001110
10111101
11111001
11010110
11001010
11011100
01000111
00011111
10010000
01100110
11100011
11101110
10100111
00000100
00010000
01100010
11100010
01011100
00000010
01001000
11001000
00000001
11001011
11110101
10000111
11111111
10101010
00100001
01101110
10110010
01000111
11001010
00111010
01000001
10000111
10101010
00000011
00100001
01000110
01110101
11011101
01001011
11110101
00110111
11010101
10110100
00001110
11011010
11101011
00010110
11000100
11011001
00101111
01010010
11011110
00001011
01100111
11010000
01111010
11111001
11010100
00100010
10111101
11111110
01010100
11111111
10000001
01101111
01011100
11000110
10101010
00101111
00000001
01011001
00011000
10010110
11010000
10100001
10111011
11111000
00000111
00000111
00111010
10100010
01001010
10101001
10111100
01001000
00100110
11100111
01111010
11101111
10100010
11110001
01111000
10110101
00110110
00000010
00000111
01001001
11110000
11110000
01011001
01010111
10010110
00101101
00010011
11101010
01110011
11010100
11101001
10101100
10100010
10100001
11011101
01000111
10110000
01100001
10001010
10111000
00110011
00001011
11110001
00011100
00000010
01000000
01010101
11111100
11000010
01101100
01110001
11010000
01001100
00110010
10001111
10111110
10010011
01001101
01100111
01101011
00100100
11111010
00010110
11011001
00101000
01001010
01011001
11111100
11010011
11111110
10100110
11100100
00100001
10010101
10111110
01111110
00111010
00010100
10011110
00100011
11111000
10000001
01111101
10010010
11011011
01011000
11010011
01110110
10110011
11010111
01000101
00000000
00110100
10010110
10001010
00111110
01001101
01011010
00011011
11010110
00011101
01101000
11001000
11111000
11010001
00111000
11111111
10101110
00001111
00100111
01010101
10111011
10101111
10111011
11010001
01010100
10110001
01001011
00011011
10011100
11001011
01010100
11110101
01000101
01101000
01001001
00110000
11101101
10111000
00101000
01110110
00111111
01111010
10010101
10110111
11101110
00111101
01000110
00011101
10000001
00110010
00011000
01011001
00000001
01011011
00011101
11000110
11101011
00010001
01101001
10101110
00010011
11011000
01001010
01100011
10010100
00111001
00010010
10001110
11011010
11001110
10110000
01101100
00111101
01100110
00101000
01010000
00111000
01111011
11111010
10010001
00011010
00011000
01101100
01010110
00111111
00111101
10011001
00100100
10110011
11010011
01000001
00110000
00000101
10011100
10111111
11000100
00010010
11110110
00110110
11100101
11110001
10100111
00000111
10011111
01011111
11001110
10001010
11000001
10111010
01111000
01100111
01101101
10110000
11110101
00110100
01010101
11000111
10111001
01001101
00100100
10111111
00001000
00100111
11111001
01010011
01001110
01000000
01001111
00101011
10000100
00101110
10010010
01001110
00100000
10001010
01011010
10100110
01101111
00100010
11000010
00111111
11001001
01000010
11100011
00010111
00100000
10111001
11111001
11011011
11000110
10001110
01010110
01001011
01011101
10101110
00010011
00101101
11110000
01100010
01111111
11111100
11111011
11010100
10101111
00110111
10111010
01001011
01000111
11010001
11011111
10101001
01101111
10100111
01001001
01100011
11111100
10101110
00111111
01100100
10100000
01011101
11111011
10110100
00011001
10110100
00111010
00000001
11110101
10100110
11100111
11111001
10001001
00010011
10001111
00110000
10101101
10110001
01101110
00100001
10000000
10011011
10000110
10101110
00100100
00100111
10001010
10111100
00001100
10110010
10001010
01111001
11101011
00111000
11100101
10110101
01100101
00101011
10000111
11010110
01010110
10001111
10100100
00100010
11110110
01011011
11011010
11011110
00001100
11100111
11110001
10100101
11110100
10100010
10001001
00010111
10100100
00100110
11101101
10010101
00001110
01110001
01100111
11110000
01100001
00000011
11110010
01000110
10010110
00000101
10000101
01111000
01011011
10110000
10011110
00100111
01111010
00001101
10111110
01000111
11111011
10000010
11101101
00101010
00101011
00010101
10001011
01100001
10001101
00101100
00111101
00101100
11111000
10011111
01100110
11010011
11100100
01100001
11101000
11000011
11101011
11010110
01100111
00111100
11001011
01010110
00100011
11111001
01110011
01110000
11000011
01000000
11100010
00101101
01101010
11011011
11001100
10011101
11010000
11100000
10010110
10100000
11000111
11010100
00001100
01001110
11001010
10110010
00000001
10011011
10100001
00010110
01010011
11111011
01010111
01100101
01010101
10001111
01010110
01000101
11001001
11110100
10010100
11001000
11101101
01011100
10110010
11101011
11100001
10010111
01001100
01100101
01011011
01001111
01010101
00000001
11101100
01100111
00100010
11101010
10010001
10010111
00111110
11010101
00110101
00001001
00101011
01000010
00100000
01011011
10010110
00110000
00010010
00101000
10010110
10001100
11100011
00101110
10001100
10011010
10111001
10011100
01110011
10111110
00110001
11011100
01111001
00010010
00110001
00110100
01001011
00111101
10111010
11010011
11101000
10100010
11000010
00000011
00001100
11101111
11101011
00101011
00001100
01010001
10011000
11011110
00001001
00101101
01100010
11001101
10110010
00110110
11111100
00010110
01100000
01001110
01100010
00010000
11011011
01010100
11011001
11011100
11101110
10110000
01110101
10111110
01100110
00000000
01100100
00001010
11101111
00010111
10001110
11110000
01111111
10110010
00011110
10011010
00011010
00101000
01000101
01100101
10000010
10001010
01000111
00100110
01011111
11000010
00101100
11100101
11001100
00000001
10111010
00000011
11001011
10100111
00011111
00010110
01010110
10110000
00101111
11110010
11100010
10000101
11011010
11100101
00001011
10010011
00000000
10111101
11011000
01001101
10100011
01110100
00101000
10000000
01011100
00001000
00111000
01010001
01100111
01111100
00111110
01101111
00001011
10110010
11010001
01100001
11010000
01110001
00010110
11000100
00101101
00100111
01010110
00000010
10001000
01000101
10100111
11000110
01010011
10110001
10001010
00111001
01001001
00110011
00010011
01111101
00001001
01001010
10110011
11111101
10001100
11000101
11001111
10001010
10100101
00110111
11100001
00001000
11001010
01001010
01111000
01010000
00110111
11100111
00001001
10011000
01000110
10111110
00000001
10010000
01010111
10100101
10110111
01111011
11101001
01010110
01011101
00010111
11101110
01101000
10001000
10100100
10000001
00100100
01100101
10010110
00100001
11101011
10011000
01000110
01100010
11001111
01110011
00011111
10010000
00010010
01010011
10100110
01101010
00100111
10000010
11100010
01111011
00011111
11001111
10101001
01101110
00111001
01011110
01000000
11000011
00111101
01000111
10100011
11001010
00100001
00110000
11100100
11110000
00100110
01000100
00101110
00001100
11100100
11110000
11001111
11010011
11010010
10101011
00001011
01101010
00001100
00111000
00111111
10010101
01110111
10101001
11001010
10111101
00110111
00110011
00111111
01000011
00111000
10000110
10010101
01010100
01101010
01011110
11101100
11111100
00000111
10001001
11101010
10011000
11011111
11100010
10011001
01100011
11111101
11101100
11000101
01001001
00101010
01110111
00111101
10101111
01110111
00010000
00100111
00101000
11010100
01100000
10101000
00001010
00000010
00110011
11111011
11001001
10010110
00111111
00111111
00101001
11100001
10000001
01110100
01100000
10000011
01111111
01101111
10101000
01001011
01011000
01001110
00001001
11010000
00110110
01101101
10110000
